WT21-B37-76 0.0026794094272144424 5 2568
WT21-B37-75 0.0015259166438427877 1 1704
WT25-B39-116 0.0014694947334658922 1 169
WT23-B21-53 0.0013723234635210201 1 198
WT24-B40-171 0.0012449987603104697 209 270
WT23-B39-340 0.0012403968885748439 396 274
WT23-B37-134 0.0012052153871083624 2 208
WT08-B18-400 0.0011435407139305793 0 1011
WT13-B06-284 0.0011247805165849726 2 454
WT24-B26-46 0.001085045664876557 6 187
WT13-B06-273 0.0010447001198702235 11 454
WT01-B18-225 0.000988443620473868 0 2260
WT04-B27-720 0.0009364071908723378 28 291
WT23-B19-156 0.0008942304358025193 12 406
WT04-B30-12 0.0008164407175334259 8 241
WT24-B26-10 0.0008074275567873409 4 299
WT25-B15-307 0.0008043822032741523 8 614
WT07-B18-256 0.0007748821192032926 170 169
WT24-B26-2 0.0007713413346801238 5 625
WT14-B03-220 0.0007163920205376202 162 324
WT24-B40-167 0.0007074602423228843 152 153
WT14-B03-227 0.0006849553116296611 147 294
WT18-B31-240 0.0006601893167221334 31 259
WT04-B40-202 0.000658703105894229 38 322
WT08-B19-222 0.0006434323149586116 1 1041
WT27-B28-203 0.0006270012895766568 2 598
WT13-B15-160 0.0006212964933148185 0 484
WT13-B39-295 0.0006169603390482008 19 443
WT12-B30-56 0.0006022901125241006 7 174
WT10-B02-288 0.0005759932478475153 18 193
WT22-B38-403 0.0005745718155700833 28 544
WT14-B36-337 0.0005582571655384602 5 417
WT27-B34-57 0.0005555000124224837 626 1257
WT23-B20-363 0.0005508617674288376 254 181
WT23-B01-40 0.0005504212166519079 47 147
WT27-B32-30 0.0005497707226706531 0 1255
WT21-B40-37 0.0005481798551452631 0 241
WT21-B35-155 0.0005400525166054605 13 189
WT08-B08-60 0.0005356363695971212 39 175
WT04-B22-268 0.0005327403705638572 110 113
WT14-B02-400 0.0005325133188917689 114 228
WT18-B14-66 0.0005320578148059853 135 150
WT23-B27-31 0.0005256157925210372 54 354
WT23-B38-120 0.0005208891081529663 396 116
WT06-B35-151 0.0005201038862675096 11 255
WT06-B14-69 0.0005190670214570872 1 105
WT06-B35-161 0.0005182091589489313 11 253
WT10-B33-300 0.0005168066057564505 0 409
WT14-B36-335 0.0005154604149900392 6 370
WT14-B36-336 0.0005154604149900392 5 370
WT14-B36-323 0.0005151215971153314 13 373
WT14-B36-334 0.0005143315834178389 6 369
WT23-B38-87 0.0005137226957641302 1 1
WT27-B20-494 0.0005071975965297628 16 121
WT13-B39-321 0.0004963369267224538 19 60
WT07-B15-48 0.0004891530413877854 12 235
WT04-B40-238 0.00048775345071030263 26 311
WT11-B02-164 0.00048435438747167025 20 185
WT21-B40-442 0.0004835017173952821 0 4
WT23-B27-29 0.0004777648443138543 0 1940
WT21-B37-70 0.00047346724724633515 26 3
WT21-B37-72 0.00047283511984701 2 2
WT22-B14-357 0.00047263211243893225 7 281
WT14-B03-221 0.0004699949021481181 104 208
WT15-B07-95 0.00045996512885150743 20 246
WT12-B09-105 0.00045081715756848924 500 234
WT04-B34-218 0.0004449612184064362 25 142
WT21-B03-285 0.0004220929341534402 15 189
WT27-B28-177 0.00042069302719786053 20 470
WT11-B19-232 0.0004160770332820488 9 161
WT12-B40-248 0.00041524899416644665 3 686
WT11-B19-250 0.0004152375913187702 2 160
WT20-B39-148 0.0004131944180643503 8 168
WT25-B31-102 0.0004088458999025544 90 90
WT13-B16-437 0.00040360647508295685 12 299
WT14-B14-78 0.0004010037698683807 1 82
WT12-B34-116 0.0003947922404341398 4 344
WT21-B01-46 0.0003939607955649158 6 154
WT06-B09-17 0.00038559651223237467 94 101
WT06-B14-163 0.0003759522216191156 1 84
WT10-B30-205 0.0003750816187891675 10 203
WT12-B37-314 0.0003723314222849966 1 45
WT08-B24-319 0.00036903481489504567 1 287
WT18-B31-187 0.00036890955370292796 19 208
WT25-B17-38 0.0003635152808321323 55 163
WT14-B04-105 0.00036207874460502206 78 156
WT18-B28-345 0.0003573615133418478 35 728
WT26-B25-680 0.0003572242825279688 2 82
WT16-B01-282 0.00035572169065198073 12 70
WT22-B14-364 0.00035116842928558983 14 189
WT14-B14-85 0.0003508393613449877 1 4
WT25-B29-410 0.00035010553497664065 3 115
WT18-B14-71 0.00034851471697234013 91 100
WT25-B23-127 0.00034594726597220415 328 169
WT09-B39-178 0.0003455700960575854 7 77
WT13-B30-412 0.00034483484809254213 76 75
WT21-B40-447 0.0003419476916870618 15 779
WT12-B17-278 0.00034094770483510665 25 79
WT24-B26-3 0.00034085091453900563 6 354
WT04-B29-48 0.0003397152729119796 68 68
WT07-B02-55 0.00033451944701925145 7 449
WT13-B30-408 0.00033446198423319596 52 115
WT08-B24-317 0.0003317057577896925 1 2
WT13-B02-184 0.00033000476657115416 23 166
WT13-B16-450 0.000329395322705488 11 291
WT07-B14-24 0.0003292781327916766 70 70
WT11-B13-4 0.000327717557713697 1 42
WT13-B25-82 0.0003268235566576397 147 147
WT24-B33-59 0.0003265546395516955 57 53
WT26-B22-336 0.0003249038312188778 9 164
WT18-B14-62 0.0003227875559323221 57 76
WT06-B39-355 0.00032236551407947373 7 182
WT20-B03-150 0.0003219845779520211 38 145
WT17-B29-66 0.0003217617174586574 10 190
WT18-B14-68 0.00031861700576505064 74 81
WT15-B01-16 0.00031738304989795834 2 74
WT25-B31-56 0.00031725643296291533 73 73
WT25-B19-180 0.00031654613968992083 8 8
WT04-B38-204 0.000316399440707407 11 281
WT17-B29-69 0.0003162652053975904 10 180
WT17-B29-70 0.0003162652053975904 5 180
WT17-B29-67 0.00031586784156860924 12 177
WT07-B23-234 0.00031566556353766106 21 371
WT17-B29-68 0.0003152801046869615 10 177
WT04-B33-221 0.00031291098612817663 17 82
WT23-B18-180 0.000312811223255789 44 74
WT24-B11-329 0.00030940620210861904 53 103
WT13-B16-460 0.00030782303288303065 10 199
WT27-B04-182 0.0003038138976703929 19 297
WT04-B30-256 0.0003036046536739062 10 301
WT23-B30-88 0.0003035285391642238 11 478
WT09-B28-263 0.0003029986400828138 0 260
WT07-B14-20 0.00030151966012515244 64 64
WT05-B09-121 0.00030113003424600706 1 34
WT01-B11-115 0.00030110068463067274 10 73
WT08-B02-134 0.0003008891155746863 75 74
WT19-B34-131 0.00029931920152855056 2 144
WT12-B40-235 0.00029857684121778103 13 355
WT18-B18-148 0.0002985545911748126 11 172
WT23-B27-41 0.00029684094675189263 2 354
WT13-B30-405 0.0002962652776596455 20 187
WT13-B14-26 0.0002923547379948157 13 163
WT07-B14-25 0.0002922668359029776 62 62
WT04-B35-13 0.00029108782599330396 1 252
WT18-B40-82 0.00029062538501143254 0 576
WT13-B16-451 0.00028796972836688304 3 292
WT27-B25-363 0.00028669483689381357 2 74
WT04-B38-159 0.0002863006256629071 36 254
WT08-B24-320 0.0002847370902149538 0 2
WT10-B14-65 0.0002837964473593316 2 87
WT01-B01-33 0.00028321427971086884 13 172
WT27-B28-200 0.0002822685203664261 1 4
WT15-B34-52 0.00028123176017477036 14 264
WT15-B34-57 0.00027831463410409296 6 265
WT26-B25-679 0.00027704918224119444 3 80
WT12-B33-212 0.0002750576737858737 0 209
WT18-B38-25 0.0002736604787728694 1 155
WT13-B16-438 0.0002735129662644216 10 205
WT27-B28-171 0.0002733326428229294 26 3
WT15-B34-56 0.000272775453055443 4 264
WT24-B02-93 0.0002718593529201571 77 76
WT02-B03-141 0.0002716553553823731 53 54
WT27-B19-302 0.00027120047444627017 9 213
WT15-B34-58 0.00027068949775230526 4 263
WT23-B30-98 0.0002705460123423131 8 176
WT16-B27-21 0.0002677578611436882 56 58
WT13-B34-124 0.00026759167101752027 4 94
WT07-B11-415 0.00026603358750228477 55 55
WT10-B39-186 0.0002650208015615526 9 97
WT12-B17-36 0.0002609857528403378 0 252
WT02-B29-123 0.0002599334335715742 10 187
WT02-B29-124 0.0002599334335715742 5 187
WT02-B29-125 0.0002599334335715742 3 187
WT02-B28-19 0.00025833978303998475 10 186
WT02-B28-20 0.00025833978303998475 5 186
WT02-B28-21 0.00025833978303998475 3 186
WT17-B22-102 0.00025799896971199983 1 19
WT13-B25-53 0.000257581819475398 19 69
WT11-B06-41 0.00025587631506847005 1 96
WT27-B27-452 0.0002532250568636048 19 142
WT04-B38-150 0.0002512547318175335 6 229
WT07-B17-219 0.00025097966082414315 4 79
WT13-B16-461 0.0002483202159045472 2 200
WT02-B16-121 0.0002480003044859688 2 107
WT02-B16-122 0.0002480003044859688 3 107
WT24-B28-186 0.000246243257319927 42 154
WT14-B20-107 0.00024591555117239655 4 95
WT04-B18-119 0.0002448409447874557 1 65
WT12-B12-11 0.0002447238162690395 86 131
WT02-B15-103 0.00024429171220279717 51 118
WT07-B40-402 0.0002432496190373996 1 52
WT24-B12-246 0.00024262141146309677 51 54
WT19-B34-114 0.00024235844378978443 15 79
WT18-B24-215 0.00024221653230236233 11 77
WT12-B24-131 0.00024180398728492356 16 86
WT24-B13-88 0.00024155671481223382 51 52
WT27-B29-141 0.0002414348866344544 0 1
WT07-B22-386 0.00024045137298945327 8 114
WT18-B39-107 0.00024031727480638661 6 130
WT20-B02-231 0.00023723833779957344 11 107
WT22-B07-427 0.0002368343010540656 152 113
WT27-B25-361 0.00023552925333549318 218 127
WT22-B07-425 0.00023493096373986466 2 149
WT18-B38-24 0.00023411811848824814 13 1
WT08-B09-311 0.00023264563830899438 246 237
WT07-B14-21 0.00023212347845884227 49 49
WT06-B14-159 0.00023201102881141708 1 27
WT14-B02-106 0.00022988222917758936 10 89
WT14-B12-412 0.00022790903771352397 1 10
WT27-B19-320 0.00022553883359387747 64 283
WT12-B17-270 0.00022468494733538714 8 332
WT24-B18-75 0.00022424391401980274 7 91
WT08-B09-307 0.00022290213966762355 6 240
WT05-B15-106 0.0002221463683268581 37 39
WT13-B31-359 0.00022060021581099917 53 53
WT11-B06-47 0.00022051311469412825 7 3
WT24-B28-189 0.00021934800662697264 4 170
WT01-B01-261 0.0002193036759395737 2 79
WT10-B14-91 0.0002189562400859468 1 88
WT24-B28-188 0.00021874486145475979 5 166
WT12-B40-254 0.00021784819075342944 45 335
WT02-B28-220 0.00021558768405783297 4 164
WT02-B28-217 0.00021558768405783297 9 164
WT02-B28-219 0.00021558768405783297 6 164
WT02-B28-218 0.00021558768405783297 4 164
WT24-B28-187 0.0002152127580089128 4 168
WT02-B28-266 0.00021498891025076755 6 165
WT02-B28-264 0.00021498891025076755 9 165
WT02-B28-267 0.00021498891025076755 4 165
WT02-B28-265 0.00021498891025076755 4 165
WT01-B01-252 0.0002142529955269578 9 76
WT11-B16-270 0.00021421604060030945 12 210
WT12-B30-421 0.00021195576492985546 12 109
WT15-B34-80 0.0002105332664150189 4 133
WT08-B01-1 0.0002104699397802145 1 3
WT23-B20-268 0.00021001192205796236 22 18
WT14-B25-212 0.00020968883011599737 44 45
WT15-B37-80 0.00020965710295413963 44 45
WT24-B23-99 0.00020902602927397486 44 46
WT15-B34-81 0.00020884386683818273 6 134
WT15-B34-82 0.00020876944024634283 4 132
WT24-B04-120 0.0002080715240237042 7 122
WT25-B13-353 0.00020798940356915512 1 40
WT24-B28-190 0.00020722243383874964 4 155
WT13-B06-280 0.0002068844445595661 2 273
WT27-B21-1 0.00020636188726878106 44 89
WT23-B31-215 0.0002061156543388911 3 402
WT10-B35-224 0.0002057712407956645 35 102
WT18-B36-78 0.00020507009723955174 15 116
WT23-B30-103 0.00020468002071224098 7 58
WT12-B17-255 0.0002044886174274528 25 342
WT10-B14-735 0.0002043810990891953 0 2
WT08-B31-104 0.00020362470610408085 42 84
WT23-B18-107 0.0002030250110729513 2 136
WT10-B36-88 0.00020277116386968727 3 946
WT15-B34-53 0.00020251301453686613 14 134
WT27-B25-360 0.00020095860154011193 59 41
WT08-B09-310 0.00019944324069993123 0 235
WT17-B12-3 0.0001992378217912986 41 42
WT12-B40-242 0.0001989030495181634 3 287
WT25-B01-250 0.00019854011531893654 41 42
WT22-B07-426 0.00019576270845232479 36 38
WT27-B07-331 0.00019503833598200074 20 128
WT24-B02-91 0.00019467335778614316 58 57
WT12-B24-142 0.0001936252857960147 40 69
WT26-B22-334 0.0001891399498856501 8 11
WT17-B34-505 0.0001891351970388998 39 410
WT04-B29-34 0.0001885605491907357 15 99
WT16-B27-59 0.00018719957361930045 7 109
WT02-B03-137 0.000187177652250563 22 139
WT14-B13-292 0.00018711246054604078 49 116
WT24-B02-98 0.00018672337626163287 56 55
WT24-B09-109 0.0001865125092539331 8 96
WT18-B29-37 0.00018648360526465622 2 2269
WT07-B23-109 0.0001841723792472069 4 38
WT02-B03-142 0.0001837974803565934 1 7
WT12-B40-13 0.00018378475144187906 11 209
WT17-B34-499 0.0001829572121671095 56 442
WT08-B01-172 0.0001824870072240337 4 74
WT02-B16-123 0.00018222644413929984 4 111
WT24-B08-146 0.00018221314288155652 18 200
WT17-B34-500 0.00018219521501700215 52 436
WT23-B14-51 0.000181986834842627 7 186
WT07-B40-281 0.00018186073701449815 13 45
WT27-B19-54 0.00018121435355565257 5 138
WT10-B33-180 0.00018110654454667638 7 75
WT25-B13-354 0.0001807519888098426 1 35
WT23-B33-14 0.0001804643682774439 7 90
WT21-B37-71 0.0001799545414798323 23 560
WT23-B14-50 0.00017952190688603692 12 185
WT23-B14-55 0.00017952190688603692 43 185
WT23-B14-53 0.00017952190688603692 8 185
WT23-B14-56 0.00017952190688603692 7 185
WT24-B26-381 0.0001794567472681898 23 4
WT27-B18-381 0.00017892277270506097 11 113
WT18-B26-434 0.000178822735540772 62 64
WT23-B30-105 0.00017752802426735357 66 380
WT17-B34-503 0.00017748220344378408 35 402
WT22-B11-415 0.00017694815975685658 11 67
WT23-B14-52 0.00017687403804193203 8 183
WT23-B14-54 0.00017687403804193203 11 183
WT02-B28-272 0.00017669620873326307 6 140
WT02-B28-271 0.00017669620873326307 5 140
WT02-B28-273 0.00017669620873326307 4 140
WT02-B28-270 0.00017669620873326307 6 140
WT07-B14-22 0.00017660653312579402 37 37
WT02-B28-224 0.00017640625735696936 5 138
WT02-B28-216 0.00017640625735696936 6 138
WT02-B28-225 0.00017640625735696936 6 138
WT02-B28-226 0.00017640625735696936 4 138
WT03-B24-155 0.00017630342975721917 8 80
WT23-B14-244 0.00017611105034770122 16 70
WT10-B17-351 0.0001759045759982543 34 35
WT27-B34-206 0.0001756025917683727 0 192
WT07-B17-239 0.0001752176652828347 12 37
WT22-B14-452 0.0001745734334883565 110 106
WT23-B29-120 0.00017415379250604497 20 123
WT27-B38-275 0.00017382435903485883 5 123
WT27-B38-273 0.00017382435903485883 10 123
WT23-B28-562 0.00017339777058580203 20 123
WT25-B17-39 0.00017330866015426096 51 128
WT17-B34-506 0.0001729257263024626 22 376
WT17-B34-504 0.00017260360323433267 21 374
WT11-B04-34 0.00017253856459061923 33 39
WT17-B34-498 0.0001724695107478118 21 374
WT18-B31-223 0.00017185981057485757 30 49
WT14-B34-172 0.00017157960429789402 19 56
WT09-B34-220 0.00017119475328182076 7 176
WT09-B34-229 0.00017119475328182076 6 176
WT17-B34-501 0.00017090859054236474 15 357
WT13-B15-101 0.00017074816026038778 9 111
WT12-B40-14 0.00017060188849471692 11 208
WT12-B40-12 0.0001706018884947169 11 208
WT12-B40-9 0.0001706018884947169 11 208
WT02-B21-184 0.00017059562670969372 11 67
WT17-B34-502 0.00017046216151432868 17 366
WT23-B29-123 0.0001704509692560414 12 81
WT27-B04-181 0.00017034335804739319 3 208
WT17-B34-507 0.00016989916849111065 16 364
WT02-B23-167 0.00016987719244416239 32 34
WT23-B28-576 0.00016985582796611316 12 81
WT13-B27-94 0.00016894334913511078 72 69
WT13-B34-261 0.00016876543857046705 17 243
WT07-B40-166 0.00016861579324281721 4 75
WT07-B40-167 0.00016861579324281721 4 75
WT07-B40-168 0.00016861579324281721 4 75
WT12-B40-3 0.00016792516484240806 9 208
WT17-B34-508 0.0001676898997478976 13 358
WT17-B34-509 0.0001676898997478976 13 358
WT13-B39-334 0.00016764286294140507 146 145
WT13-B39-315 0.00016762318223848677 146 145
WT01-B12-77 0.00016706262220957154 95 71
WT18-B38-182 0.00016687905177533642 8 83
WT24-B26-382 0.0001668226570107269 9 3
WT13-B21-124 0.000166207184416955 8 65
WT12-B40-11 0.0001661331210021956 8 208
WT09-B34-230 0.00016565817740327426 22 176
WT07-B19-144 0.0001656040180203427 37 38
WT12-B39-315 0.00016550727880492632 8 97
WT07-B02-9 0.0001653692369925078 20 254
WT12-B06-139 0.00016528887233164069 1 19
WT10-B40-320 0.0001651643111520224 2 29
WT25-B13-334 0.00016463413935993902 64 64
WT27-B21-3 0.00016453856795354245 34 69
WT13-B17-278 0.0001642233761173272 10 219
WT12-B40-17 0.00016246223125393895 8 202
WT23-B19-154 0.00016229149171934965 3 51
WT11-B15-220 0.00016215599760828234 71 91
WT03-B23-47 0.0001619885206238556 18 67
WT08-B33-284 0.00016079137444115644 14 171
WT24-B18-182 0.0001606529574950992 3 8
WT02-B23-166 0.00016046166968316033 13 85
WT23-B28-180 0.000159935423834396 6 45
WT27-B20-291 0.00015985897471929676 9 36
WT13-B34-256 0.00015915150587280023 21 123
WT21-B35-163 0.00015891395790073362 165 12
WT06-B38-10 0.00015860760333346132 11 50
WT24-B11-274 0.00015812134971384035 196 197
WT12-B40-10 0.0001571527276173408 14 168
WT08-B24-243 0.00015670461667411482 9 74
WT02-B16-103 0.00015650290745589335 2 21
WT23-B32-191 0.00015533195787311452 17 21
WT25-B13-371 0.0001551762098335308 1 18
WT24-B40-140 0.00015510401617445366 8 81
WT10-B36-90 0.00015480847394183075 2 943
WT10-B38-105 0.0001546180894780596 15 162
WT24-B11-54 0.0001541935692409964 8 209
WT14-B02-403 0.0001541252232820009 32 64
WT18-B18-177 0.00015377155739622607 29 102
WT19-B36-96 0.0001535104988071365 9 11
WT08-B07-159 0.00015318902943969124 12 92
WT27-B20-174 0.000153147106385468 9 109
WT25-B13-303 0.0001529009751043483 1 46
WT14-B15-37 0.00015289986873817272 10 96
WT19-B37-2 0.0001527971533936376 100 110
WT09-B34-124 0.00015278117044640577 5 8
WT24-B11-231 0.00015273677718878568 7 198
WT12-B31-241 0.00015273655176415666 7 113
WT18-B39-137 0.00015232951550057055 43 60
WT19-B37-1 0.00015179194408584333 56 110
WT09-B28-83 0.00015153960919264824 24 151
WT24-B17-197 0.00015143034465653823 0 133
WT20-B39-186 0.00015120521830380574 34 49
WT04-B27-721 0.00015053756957333445 28 176
WT07-B40-97 0.0001496199581982908 46 52
WT05-B11-312 0.00014959351903772507 41 54
WT22-B09-181 0.00014866157134223496 9 275
WT25-B05-10 0.00014836298787966945 5 103
WT09-B33-104 0.00014809484689839333 62 122
WT08-B23-282 0.00014789823123249573 30 30
WT01-B06-32 0.0001476555015016944 11 52
WT11-B02-151 0.00014757130844574037 28 126
WT10-B35-237 0.0001466348185920822 14 97
WT25-B04-649 0.00014620966298105936 26 218
WT23-B36-273 0.00014620685277057612 2 26
WT27-B38-271 0.0001460777842474688 5 82
WT27-B38-272 0.0001460777842474688 10 82
WT25-B04-650 0.00014578280091019142 8 217
WT27-B38-274 0.00014576920925003415 5 81
WT10-B16-675 0.00014568609855915494 1 126
WT04-B22-262 0.00014558220988416208 62 65
WT25-B05-12 0.00014548128537677208 8 218
WT25-B05-34 0.0001451124101480415 0 217
WT16-B27-185 0.0001449378303644462 0 101
WT10-B38-108 0.0001448483615928092 11 116
WT10-B38-109 0.0001448483615928092 5 116
WT10-B38-110 0.0001448483615928092 5 116
WT18-B14-70 0.00014469380465632572 37 43
WT04-B38-162 0.0001445624130916251 61 83
WT24-B08-147 0.0001442759410900555 16 158
WT16-B26-139 0.00014401482772331134 29 30
WT06-B31-160 0.0001438081233571262 47 132
WT12-B24-140 0.00014351222257160987 26 27
WT27-B04-169 0.0001430153216927492 56 223
WT27-B08-97 0.00014274003131874236 14 103
WT09-B33-103 0.0001424201569165893 64 119
WT27-B19-473 0.00014226674346028059 9 63
WT14-B15-270 0.00014215721900114433 39 37
WT19-B37-223 0.0001419058690916913 10 109
WT24-B01-155 0.00014092545801376184 14 133
WT13-B37-273 0.00014073434168158127 15 65
WT07-B02-31 0.00014059830510854108 20 29
WT24-B01-156 0.00014044658459066187 9 132
WT24-B01-154 0.00014044658459066187 15 132
WT23-B31-216 0.00013982907599366598 13 29
WT20-B40-44 0.00013947935996804316 1 17
WT12-B31-239 0.00013849140051190356 8 114
WT12-B31-228 0.00013849140051190356 7 114
WT12-B31-240 0.00013849140051190356 7 114
WT12-B31-243 0.00013849140051190356 7 114
WT22-B09-35 0.00013828302764515727 7 27
WT12-B31-225 0.0001382352832693828 7 113
WT10-B31-582 0.00013809607607388795 6 102
WT10-B31-580 0.00013809607607388795 13 102
WT07-B02-32 0.00013802449516739246 164 165
WT10-B31-581 0.00013798846378711453 5 102
WT12-B23-96 0.0001378194292922275 1 13
WT12-B31-242 0.00013774872990682358 7 111
WT27-B27-28 0.00013758255519061315 2 45
WT10-B32-84 0.00013749952282999806 1 58
WT08-B01-34 0.00013716027681746307 3 86
WT25-B11-84 0.00013710489203968908 11 116
WT27-B21-5 0.00013687324644082212 33 67
WT23-B31-217 0.00013683167868801547 5 33
WT02-B08-193 0.0001362923359829318 27 55
WT13-B18-188 0.0001362772703562005 76 177
WT08-B01-106 0.0001361421505328996 11 63
WT21-B36-140 0.00013591871616973206 15 183
WT13-B23-51 0.00013580251948799892 7 311
WT07-B38-73 0.00013547104242488554 2 81
WT07-B38-148 0.00013547104242488554 2 81
WT03-B17-89 0.0001354297755809538 19 55
WT12-B23-191 0.00013505079910044554 3 2
WT23-B30-89 0.0001350231844282766 367 369
WT16-B25-152 0.00013476397631823184 8 63
WT14-B03-224 0.00013471435784960756 29 58
WT03-B21-27 0.000134316401426189 12 31
WT21-B36-136 0.0001340539055616672 12 178
WT21-B36-138 0.00013394622656036272 12 180
WT07-B02-14 0.00013331085051925898 123 96
WT04-B18-199 0.00013319133678101993 1 5
WT22-B10-164 0.00013300422376640833 7 273
WT01-B20-257 0.00013295514852774466 28 298
WT21-B36-137 0.00013274217763115277 13 177
WT21-B36-142 0.00013254367580524797 14 177
WT21-B36-141 0.0001325155082093081 11 177
WT09-B37-199 0.00013246489422618697 26 41
WT21-B36-139 0.00013244212474391607 15 177
WT04-B14-128 0.00013239401381047363 11 35
WT18-B14-67 0.0001320514122032772 52 49
WT07-B22-391 0.00013151567141562564 26 30
WT24-B08-157 0.0001313894450002932 11 156
WT25-B11-86 0.00013118214083311967 16 110
WT25-B11-85 0.00013118214083311967 11 110
WT25-B11-83 0.00013118214083311967 5 110
WT25-B11-82 0.00013118214083311967 5 110
WT24-B02-94 0.00013081505419555104 44 43
WT21-B36-143 0.00013075441210784618 8 175
WT07-B40-170 0.00013066605064633078 3 71
WT25-B30-216 0.00013024781205145164 31 30
